23
7
7
1
U
11
0
1
T
17
2
1
P
1
5
1
C
14
11
0
1
C
3
11
0
1
D
20
0
1
F
15
3
0
1
S
5
4
1
G
21
0
0
1
A
2
4
1
W
7
9
0
0
0
1
H
23
10
1
B
19
99
0
0
1
G
10
0
1
B
8
99
0
0
0
0
1
S
16
4
0
0
0
0
0
0
0
1
D
9
0
0
0
1
A
13
4
1
U
22
0
0
1
H
12
10
0
1
W
18
9
1
T
6
2
1
F
4
3
0
0
23
1
2
0
1
6
1
1
5
0
1
4
6
1
3
1
1
3
6
1
0
2
1
2
3
1
1
5
1
1
3
1
0
0
1
0
6
1
4
5
1
3
0
1
1
1
1
0
4
1
1
0
1
2
6
1
5
2
1
0
1
1
4
1
1
5
5
1
4
2
0
0
0